%YAML:1.0
cameras:
    - {T_SC:
         [ -0.9999537667881426, -0.007892384909633109, -0.005493136321408202, -0.0010916786218502532,
           0.005457815644802107, 0.004489875435515847, -0.9999750263216395, -0.0037729638380404754,
           0.007916851305584298, -0.9999587747897482, -0.004446592672319036, -0.022025982898190858,
           0.0, 0.0, 0.0, 1.0],
        image_dimension: [ 960, 540 ],
        distortion_coefficients: [-0.10984983828690566, 0.10600669194280174, 0.0017155029931461923, -0.0032591922911890028],
        distortion_type: radialtangential,
        focal_length: [585.1458698638675, 585.7832726372784], #projection matrix as pre-rectified images have been used
        principal_point: [476.16427777543055, 273.39643747563633] } #projection matrix as pre-rectified images have been used

camera_params:
    camera_rate: 30
    sigma_absolute_translation: 0.0
    sigma_absolute_orientation: 0.0
    sigma_c_relative_translation: 0.0 # below 1.0e-6 ruines numerics...
    sigma_c_relative_orientation: 0.0 # below 1.0e-6 ruines numerics...


imu_params:
    a_max: 176.0 # acceleration saturation [m/s^2]
    g_max: 7.8 # gyro saturation [rad/s]

    # gyro noise density [rad/s/sqrt(Hz)]
    # sigma_g_c: 0.00019293200812529958 # original
    sigma_g_c: 0.0019293200812529958 # 10 times

    # accelerometer noise density [m/s^2/sqrt(Hz)]
    # sigma_a_c: 0.0012390569148256674 # original
    sigma_a_c: 0.012390569148256674 # 10 times

    # gyro bias prior [rad/s]
    # sigma_bg: 3.8877049328031264e-05 # original
    #    sigma_bg: 0.00019438524 # 5 times
    sigma_bg: 0.00038877049 # 10 times

    # accelerometer bias prior [m/s^2]
    #    sigma_ba: 0.00010357974944037915 # original
    # sigma_ba: 0.00051789874  # 5 times
    sigma_ba: 0.00103579749 # 10 times

    sigma_gw_c: 0.0000981 # gyro drift noise density [rad/s^s/sqrt(Hz)]
    sigma_aw_c: 0.0009312 # accelerometer drift noise density [m/s^2/sqrt(Hz)]
    tau: 3600.0 # reversion time constant, currently not in use [s]
    g: 9.81007 # Earth's acceleration due to gravity [m/s^2]
    a0: [ 0.0, 0.0, 0.0 ] # Accelerometer bias [m/s^2]
    imu_rate: 200
    # tranform Body-Sensor (IMU)
    T_BS:
      [ 1.0, 0.0, 0.0, 0.0,
        0.0, 1.0, 0.0, 0.0,
        0.0, 0.0, 1.0, 0.0,
        0.0, 0.0, 0.0, 1.0 ]
sonar_params:
    T_SSo:
      [ 0.0000, 1.0000, 0.0000, 0.015995,
        -1.0000, 0.0000, 0.0000, 0.125,
        0.0000, 0.0000, 1.0000, 0.128,
        0.0000, 0.0000, 0.0000, 1.0000 ] # Stereo Rig V2

#gyroscope_noise_density: 0.2e-3, gyroscope_random_walk: 2.8577e-006

# Estimator parameters
numKeyframes: 5 # number of keyframes in optimisation window
numImuFrames: 3 # number of frames linked by most recent nonlinear IMU error terms

# ceres optimization options
ceres_options:
    minIterations: 3   # minimum number of iterations always performed
    maxIterations: 10  # never do more than these, even if not converged
    timeLimit: -1   # [s] negative values will set the an unlimited time limit

# detection
detection_options:
    threshold: 30.0      # detection threshold. By default the uniformity radius in pixels
    octaves: 0           # number of octaves for detection. 0 means single-scale at highest resolution
    maxNoKeypoints: 400  # restrict to a maximum of this many keypoints per image (strongest ones)   #Sharmin

# delay of images [s]:
imageDelay: 0.0  # in case you are using a custom setup, you will have to calibrate this. 0 for the VISensor.

# display debug images?
displayImages: true  # displays debug video and keyframe matches. May be slow.

# use direct driver
useDriver: false

# some options for how and what to publish -- optional in ROS-free version
publishing_options:
    publish_rate: 30                 # rate at which odometry updates are published only works properly if imu_rate/publish_rate is an integer!!
    publishLandmarks: true             # select, if you want to publish landmarks at all
    landmarkQualityThreshold: 1.0e-2   # landmark with lower quality will not be published
    maximumLandmarkQuality: 0.05       # landmark with higher quality will be published with the maximum colour intensity
    maxPathLength: 100                  # maximum length of the published path
    publishImuPropagatedState: false    # Should the state that is propagated with IMU messages be published? Or just the optimized ones?
    # provide custom World frame Wc
    T_Wc_W:
      [ 1.0000, 0.0000, 0.0000, 0.0000,
        0.0000, 1.0000, 0.0000, 0.0000,
        0.0000, 0.0000, 1.0000, 0.0000,
        0.0000, 0.0000, 0.0000, 1.0000 ]
    trackedBodyFrame: B                # B or S, the frame of reference that will be expressed relative to the selected worldFrame
    velocitiesFrame: Wc                # Wc, B or S,  the frames in which the velocities of the selected trackedBodyFrame will be expressed in

#Sharmin
isSonarUsed: false
isDepthUsed: false
isRelocalization: false
isCLAHE: false


#Posegraph Parameters
loop_closure_params:
    enable: 1
    min_correspondences: 25 #Minimum 2D to 3D correspondences required for loop closure
    #decrease for more loop closure, might result in false loop closure (20 to 40)
    pnp_reprojection_threshold: 20 #Reprojection threshold for PnP RANSAC
    #increase for more loop closure, might result in false loop closure (8 to 30)
    pnp_ransac_iterations: 100  #Number of iterations for PnP RANSAC
    keyframe_queue: 10 #Use 1 for real-time on robot. Something around 5-10 could be ideal. -1 not to skip keyframes at all.
    max_yaw_diff: 30.0 #Max yaw difference between keyframe and query frame (degrees)
    max_position_diff: 6.0 #Max position difference between keyframe and query frame (meters)

health:
    enable: 0
    min_keypoints: 15
    consecutive_keyframes: 3
    keyframe_wait_time: 2.0
    kps_per_quadrant: 1

global_map_params:
    enable: 1
    min_landmark_quality: 0.01

output_params:
    debug: 1
    output_dir: ~/ros_ws/src/SVIn/pose_graph # not in use
    # does not detect ~, so full path is needed if the path is not detected, /tmp is used a default